20 19
0 0 0 0 0 0 0 0 0 0 0 0 0 0.07399505521870718 0 0 0 0 0 
0 0 0 0 0 0.02282653918805222 0.08928625652759371 0.048365636398937456 0 0 0 0 0 0 0 0 0 0 0 
0 0 0 0 0 0.10639551224056851 0.22966000273321163 0.23708277199588915 0.16408403573872762 0.09308065081217672 0.12497480271735631 0.14808806877027988 0.14120356041995788 0.06126512263412541 0.4300434118612803 0 0 0 0 
0 0 0 0 0 0.21259660137775951 0.3662625471882807 0.4211965923882414 0.37335544526952347 0.17648800112175553 0.15457173255919365 0.12759854508541793 0.1343114024812006 0.19345742895312276 0.17472401874809543 0.1627057761160462 0 0 0 
0 0 0 0 0.05969433258795734 0.2895922713590016 0.4650325971706324 0.5172563339766078 0.4292025670119268 0.21672527559272026 0.025362493306605706 0 0 0.005634963997789103 0.1550737124455133 0.791744500759607 0 0 0 
0 0 0 0.1023180353572331 0.17248871487768577 0.18516620249825477 0.3887990939689374 0.4108901332899667 0.3340419582581545 0.19768898385784142 0 0 0 0 0 0.23898297091601628 0.2665442095602325 0 0 
0.0038714106223224076 0 0.08257765669781596 0 0.13130751043391534 0.05289145015607825 0.1904627041757043 0.29180676716083165 0.3373070501327978 0.3232851382202715 0.17954230409306496 0 0 0 0 0 0.7646529694952993 0 0 
0.1885322284424927 0 0.15581035374575547 0.12534432044926602 0.0029233179059245753 0 0.008428905869817371 0.3264440615032471 0.44216611746830026 0.49300421278034334 0.4646095675681331 0 0 0 0 0 0.24172821943968187 0.14681614907554366 0 
0 0.20451895871309228 0.20259678727251396 0.027217806566203206 0 0 0 0.4142943579398467 0.577919731548109 0.6661333060745532 0.6751273070387932 0.5351857897145827 0 0 0 0 0 0.40506574345378565 0 
0 0.619957184521647 0.22007198139358794 0 0 0 0 0.4662428908949422 0.6998684464764606 0.8224630178317935 0.8614955187913789 0.831647240274843 0.2656817856226037 0 0 0 0 0.3333888492273982 0 
0 0.027291635790210128 0.3440232340421492 0 0 0 0 0.23153464983701558 0.8105371765417833 0.9440799160476752 0.9893063021853795 0.9904808711656701 0.8282399438734148 0.023564307116848843 0 0 0 0.25726702601139284 0.028806529838592755 
0 0 0.8462880068638519 0 0 0 0 0 0.8894540296047885 1 1 1 1 0.43202940480842206 0 0 0.05838183665318168 0.23618529690070206 0.039449409957958495 
0 0 0.4799444689574837 0.01098792937628073 0 0 0 0 0.696521083017011 1 0.925541838457628 0.8610164271932558 0.9945023086921324 0.7051484626676665 0.2117689178088505 0.08428954828559068 0.1504705522450132 0.22572872966123358 0.024297714894328616 
0 0 0 0.4948758344782613 0 0 0 0 0.3646146142705868 1 0.9109225470707866 0.7913647737202083 0.8428667241656261 0.7271797785795984 0.3933531906859543 0.2294474037028387 0.2221173491785248 0.18978402116763857 0 
0 0 0 0.3630943674632801 0.13700735395313202 0 0 0 0.16385335484065203 0.6903209390457122 0.8469308483669152 0.7720334863966826 0.7351863210698368 0.6478572068862314 0.4535335497096031 0.31403711842861975 0.24361649760719267 0.10762082935125018 0 
0 0 0 0 0.3284944152420811 0.0998839757102376 0 0 0.1284258039309108 0.42892994654131755 0.6521701153399853 0.6695403337575709 0.6134670043664597 0.528312995469113 0.40832928105473154 0.28977670015960355 0.17506907190877452 0.02065426194241147 0 
0 0 0 0 0.06955325257845353 0.25580615019298847 0.1699689120936927 0.12874016954729367 0.1789482453276879 0.31981065848056855 0.45977294394150453 0.5058456414415445 0.46862744201503514 0.3967592704999211 0.2963946207886997 0.18978398893355725 0.054627709996054874 0 0 
0 0 0 0 0 0.04984511983664396 0.20146750726495116 0.22744018789982615 0.2511142796504028 0.2927025476937469 0.33748259149755966 0.34789332890480107 0.3100133588009373 0.24505358299747354 0.15945315348185002 0.05782921407887478 0 0 0 
0 0 0 0 0 0 0 0.08474500944119231 0.15006429652164377 0.18562110315250124 0.19273656110449547 0.17867948908927422 0.13992558182663478 0.08920732220618871 0.030497267262188783 0 0 0 0 
0 0 0 0 0 0 0 0 0 0.00977494719599257 0.023093352830398057 0.02153233582075096 0.00785733746254356 0 0 0 0 0 0 
