19 55
0.03421883273639123 0 0 0 0 0 0 0 0 0 0 0 0 0 0 0 0 0 0 0 0 0 0 0 0 0 0 0 0 0 0 0 0 0 0 0 0 0 0 0 0 0 0 0 0 0 0 0 0 0 0.03421883273639123 0 0 0 0 
0.24771848756467638 0 0 0 0 0 0 0 0 0 0 0 0 0 0 0 0 0 0 0 0 0 0 0 0 0 0 0 0 0 0 0 0 0 0 0 0 0 0 0 0 0 0.09196608816367503 0.136979597073699 0.08522719390809441 0 0.023215236262788652 0.045516816228942436 0.04344631034479998 0 0.24771848756467638 0 0 0 0 
0.11728895679628976 0.37153005898756847 0 0 0 0 0 0 0 0 0 0 0 0 0 0 0 0 0 0 0 0 0 0 0 0 0 0 0 0 0 0 0 0 0 0 0 0 0 0 0 0.029303492707778406 0.2108723920605705 0.3005170213291203 0.29777790812739335 0.13252380962189203 0.17480023871833272 0.182053008445994 0.1833352699678169 0.185650583145776 0.11728895679628976 0.37153005898756847 0 0 0 
0.19447671772426267 0.5763219572652222 0 0 0 0 0 0 0 0 0 0 0 0 0 0 0 0 0 0 0 0 0 0 0 0 0 0 0 0 0 0 0 0 0 0 0 0 0 0 0 0.11181761304320632 0.3222588865458279 0.44453367261182264 0.458397778988457 0.34729017158025904 0.137586323185505 0.0702348163774697 0.04405218044090801 0.06517535663886449 0.19447671772426267 0.5763219572652222 0 0 0 
0 0.13166924864657506 0.7241994532356496 0 0 0 0 0 0 0 0 0 0 0 0 0 0 0 0 0 0 0 0 0 0 0 0 0 0 0 0 0 0 0 0 0 0 0 0 0 0.048165748228968824 0.13782144856539408 0.3873460549975976 0.4876347737212817 0.45607302713290837 0.2938853524883375 0.005532276311876361 0 0 0 0 0.13166924864657506 0.7241994532356496 0 0 
0 0 0.5135014063041694 0 0 0 0 0 0 0 0 0 0 0 0 0 0 0 0 0 0 0 0 0 0 0 0 0 0 0 0 0 0 0 0 0 0 0 0 0.05497172225900855 0.16898424762368705 0.18776215447293448 0.2721827883318905 0.33925635466212634 0.3416587758798203 0.2717276524713223 0.1814725296806337 0 0 0 0 0 0.5135014063041694 0 0 
0 0 0 0.6132610699823573 0 0 0 0 0 0 0 0 0 0 0 0 0 0 0 0 0 0 0 0 0 0 0 0 0 0 0 0 0 0 0 0 0 0 0 0.16048660795508582 0.15986142946221846 0.05779139506496345 0.005001409119986125 0.2207246424464791 0.32202271185459486 0.37298594886354297 0.3642726474433122 0.08020800664578766 0 0 0 0 0 0.6132610699823573 0 
0 0 0 0.3306331316001684 0.034056536041463935 0 0 0 0 0 0 0 0 0 0 0 0 0 0 0 0 0 0 0 0 0 0 0 0 0 0 0 0 0 0 0 0 0.1299637274879795 0.053605530922321135 0.19096483293727504 0.045143317622058934 0 0 0.23557547143083335 0.4193619137053625 0.5276401544539588 0.5704867984905451 0.5303989842503001 0 0 0 0 0 0.3306331316001684 0.034056536041463935 
0 0 0 0.098328762130866 0.25604518927259123 0 0 0 0 0 0 0 0 0 0 0 0 0 0 0 0 0 0 0 0 0 0 0 0 0 0 0 0 0 0 0 0 0.22576836593528515 0.11463434468865016 0.16529888892315614 0 0 0 0.0777975149801203 0.5195576959741033 0.669348040867393 0.74894839988087 0.7516495448108926 0.5178792668782655 0 0 0 0 0.098328762130866 0.25604518927259123 
0 0 0 0.05051280830786685 0.2761135886771491 0 0 0 0 0 0 0 0 0 0 0 0 0 0 0 0 0 0 0 0 0 0 0 0 0 0 0 0 0 0 0 0 0 0.584685897222261 0.12961140288604167 0 0 0 0 0.605889958319162 0.794454334300908 0.8965122445141759 0.9264649483372858 0.8994441869524445 0.22846066045896637 0 0 0 0.05051280830786685 0.2761135886771491 
0.042204182742265575 0 0 0.0760682312592113 0.2469985902537707 0 0 0 0 0 0 0 0 0 0 0 0 0 0 0 0 0 0 0 0 0 0 0 0 0 0 0 0 0 0 0 0 0 0.5435729304632043 0.14836317934955276 0 0 0 0 0.5110427994876428 0.8905415496851057 0.9874096449824463 1 1 0.7640976117446894 0.042204182742265575 0 0 0.0760682312592113 0.2469985902537707 
0.4073840873352757 0.04946441157904084 0.02540701455798347 0.1429127705739648 0.21699379687560005 0 0 0 0 0 0 0 0 0 0 0 0 0 0 0 0 0 0 0 0 0 0 0 0 0 0 0 0 0 0 0 0 0 0 0.6586789698685498 0 0 0 0 0.16197296397079866 0.953519434633511 1 0.9654205647900037 1 1 0.4073840873352757 0.04946441157904084 0.02540701455798347 0.1429127705739648 0.21699379687560005 
0.6410286727179122 0.26451498563126696 0.16402861501285618 0.21628205790108845 0.17195631268308123 0 0 0 0 0 0 0 0 0 0 0 0 0 0 0 0 0 0 0 0 0 0 0 0 0 0 0 0 0 0 0 0 0 0 0.7103259951886359 0 0 0 0 0 0.7403097972163047 1 0.9019171737912777 0.8621512297250619 0.9133501730562846 0.6410286727179122 0.26451498563126696 0.16402861501285618 0.21628205790108845 0.17195631268308123 
0.6616446370010064 0.4069698402302592 0.284783457211156 0.24062899459671827 0.10025452686560123 0 0 0 0 0 0 0 0 0 0 0 0 0 0 0 0 0 0 0 0 0 0 0 0 0 0 0 0 0 0 0 0 0 0 0.021698014557492592 0.345276375757712 0 0 0 0 0.3719728873678483 0.9352652801954698 0.889364201005709 0.7994367548896352 0.795421824231914 0.6616446370010064 0.4069698402302592 0.284783457211156 0.24062899459671827 0.10025452686560123 
0.5806347249655232 0.42832667428284094 0.3075414642930852 0.1875816147538495 0.0263053814405666 0 0 0 0 0 0 0 0 0 0 0 0 0 0 0 0 0 0 0 0 0 0 0 0 0 0 0 0 0 0 0 0 0 0 0 0.40292232813848133 0.0982495608175928 0 0 0 0.17262404300846593 0.6242649808685483 0.7891376755270939 0.7392561660088905 0.6823695725985551 0.5806347249655232 0.42832667428284094 0.3075414642930852 0.1875816147538495 0.0263053814405666 
0.45498594193616126 0.34537722055949405 0.2198111495348425 0.0848100043652027 0 0 0 0 0 0 0 0 0 0 0 0 0 0 0 0 0 0 0 0 0 0 0 0 0 0 0 0 0 0 0 0 0 0 0 0 0.003655867557812109 0.313306567552836 0.11721207331341946 0.009563086560261808 0.022740597971330767 0.15712394260820778 0.4087490759850214 0.5951296184030735 0.60555539871076 0.5446460190147617 0.45498594193616126 0.34537722055949405 0.2198111495348425 0.0848100043652027 0 
0.30970491412148693 0.20731373296691233 0.1016635117970513 0.0026172146043692184 0 0 0 0 0 0 0 0 0 0 0 0 0 0 0 0 0 0 0 0 0 0 0 0 0 0 0 0 0 0 0 0 0 0 0 0 0 0.050356475463510755 0.2478320624970213 0.19488400871417658 0.16689339308771212 0.22016599915544172 0.32976011160661534 0.42380427028877193 0.4354680508606726 0.38836330822804815 0.30970491412148693 0.20731373296691233 0.1016635117970513 0.0026172146043692184 0 
0.15576935607656184 0.07770887981079055 0.007815130532633236 0 0 0 0 0 0 0 0 0 0 0 0 0 0 0 0 0 0 0 0 0 0 0 0 0 0 0 0 0 0 0 0 0 0 0 0 0 0 0 0.022380677901558767 0.16177137915561285 0.21918452809928354 0.23983124939455325 0.26688975794117703 0.28354888624012103 0.27035533558142893 0.22215611896563092 0.15576935607656184 0.07770887981079055 0.007815130532633236 0 0 
0.02795593628872256 0 0 0 0 0 0 0 0 0 0 0 0 0 0 0 0 0 0 0 0 0 0 0 0 0 0 0 0 0 0 0 0 0 0 0 0 0 0 0 0 0 0 0 0.031382875685371105 0.08566654531650691 0.11439312989507366 0.11572392861580533 0.09917564233775061 0.06470910380267869 0.02795593628872256 0 0 0 0 
